    0.01191903
   -0.00754760
   -0.00560148
    0.00964885
   -0.00459118
    0.00211906
    0.00274555
   -0.00573279
   -0.00125569
    0.00255578
   -0.00476724
   -0.00411947
   -0.00309828
   -0.00053749
   -0.00512537
    0.00909943
   -0.01213043
    0.01052062
   -0.00432607
   -0.00316952
   -0.00995124
    0.01103655
    0.01399694
   -0.00017446
    0.00457092
    0.01499729
    0.01528976
   -0.00448991
   -0.00137810
   -0.00524873
    0.00107341
    0.00325556
    0.00022679
   -0.00831567
    0.00820567
   -0.01305847
    0.00732400
    0.00298849
    0.01627082
   -0.00348095
   -0.00626218
    0.00167503
    0.00640598
    0.00271017
   -0.00004105
   -0.00431827
   -0.02162992
   -0.01548170
   -0.00846383
    0.00691186
   -0.01211960
    0.00244095
   -0.01801896
   -0.00159012
    0.00941958
    0.00497213
   -0.00791644
    0.00114196
    0.00141801
   -0.00819031
   -0.00573364
   -0.00308239
    0.01861663
    0.00217653
   -0.00021039
    0.00208384
   -0.01185709
   -0.01184367
   -0.01106651
   -0.00161926
    0.02484237
   -0.00936853
   -0.00949018
    0.04499453
    0.01490669
   -0.00724073
   -0.02682337
    0.00912696
   -0.03450574
   -0.01234363
    0.00814250
   -0.00664413
   -0.00711577
    0.00449520
    0.01504794
    0.06662670
    0.17009380
   -0.00536103
    0.00722258
    0.28137556
    0.19270332
    0.01371738
    0.03425956
    0.19102440
    0.03339216
    0.00779899
    0.23890268
   -0.40271538
    0.10222424
   -0.54294505
   -0.50769660
   -0.01918217
   -0.01314403
    0.19340709
