           1           2  0.444538721850851     
           2           3  0.402475184856274     
           3           4  0.456947541702693     
           1           5  0.469394809708740     
           2           6  0.311215139930107     
           5           6  0.267927973246860     
           3           7  0.292120782983189     
           6           7  0.380624719206867     
           4           8  0.459430317127149     
           7           8  0.333217007072522     
           5           9  0.478604133717931     
           6          10  0.455766467924935     
           9          10  0.141238004702852     
           7          11  0.333154016215829     
          10          11  0.412344691548864     
           8          12  0.424348546020402     
          11          12  0.292312796257112     
           9          13  0.394914666873768     
          10          13  0.296089025264347     
          13          14  0.473153434168154     
          11          15  0.292681894348765     
          14          15  0.494494642447695     
          12          16  0.441193270154938     
          15          16  0.479516370357420     
           1          17  0.439653224562752     
           2          18  0.358918200749366     
          17          18  0.236514562284572     
           3          19  0.351228395672117     
          18          19  0.290606888497332     
           4          20  0.445003796630193     
          19          20  0.270333902744904     
           5          21  0.299515969491064     
          17          21  0.354268884753988     
           6          22  0.164749510261472     
          18          22  0.309663725078112     
          21          22  0.161023627128464     
           7          23  0.229610949465237     
          19          23  0.179871137417549     
          22          23  0.384551057122891     
           8          24  0.294411100798275     
          20          24  0.297813773862149     
          23          24  0.235692273890724     
           9          25  0.449127077736829     
          21          25  0.279269131912251     
          10          26  0.237742436404005     
          22          26  0.341710657220366     
          11          27  0.258660738541300     
          23          27  0.103669210906113     
          26          27  0.370722481576399     
          12          28  0.341723778368925     
          24          28  0.325072346216922     
          27          28  0.190461620338865     
          13          29  0.331081974631598     
          25          29  0.314913038671382     
          26          29  0.238575202807080     
          14          30  0.420481415065065     
          29          30  0.260815920879875     
          15          31  0.235572909638361     
          27          31  0.252496640872738     
          30          31  0.359894001407034     
          16          32  0.458275881286526     
          28          32  0.253080839984039     
          31          32  0.348540461574636     
          17          33  0.492925199244706     
          18          34  0.347360611201326     
          33          34  0.401829600478756     
          19          35  0.474534834927448     
          34          35  0.436243019107509     
          20          36  0.491996792152179     
          21          37  0.477465520818374     
          22          38  0.270642093311598     
          23          39  0.402240173813967     
          36          39  0.117520587512899     
          38          39  0.257401941558623     
          24          40  0.440600493486188     
          36          40  0.125848291732456     
          25          41  0.397944711313005     
          37          41  0.378296530194452     
          26          42  0.367701946470564     
          38          42  0.355867754007606     
          23          43  0.155414932791920     
          27          43  0.436963039145647     
          42          43  0.226158954788584     
          28          44  0.461612988386782     
          40          44  0.292582510415665     
          29          45  0.447050976980208     
          41          45  0.262870342847274     
          42          45  0.102394959771195     
          30          46  0.473464529857011     
          45          46  0.330465414020769     
          31          47  0.371126093021494     
          46          47  0.197971349550971     
          32          48  0.428746409287529     
          44          48  0.279125237470451     
          47          48  0.299351074438799     
          33          49  0.478978227268517     
          34          50  0.359852191735203     
          38          50  0.282415901499985     
          49          50  0.269600895793308     
          35          51  0.468497956840097     
          36          51  0.267331506803360     
          39          51  0.300858645994045     
          50          51  0.162805554195610     
          36          52  0.507233139740564     
          37          53  0.513114005601013     
          38          53  0.236821147453959     
          49          53  0.318739795138941     
          38          54  0.127336809205970     
          39          54  0.208544664537122     
          39          55  0.241564068387129     
          40          55  0.289720731388520     
          43          55  0.295662519645243     
          54          55  0.340795425518081     
          40          56  0.411805925727664     
          52          56  0.386778768127100     
          41          57  0.453511205991955     
          53          57  0.120018099560250     
          42          58  0.487112807517336     
          43          59  0.400469787107794     
          47          59  0.252629710513610     
          58          59  0.284382974273604     
          44          60  0.428211264072931     
          56          60  0.285844453881452     
          45          61  0.405678302095392     
          57          61  0.358584973785475     
          58          61  0.261133624119192     
          46          62  0.456334782360752     
          61          62  0.240382885524732     
          47          63  0.490649771388574     
          62          63  0.368418155458981     
          48          64  0.488841964276326     
          60          64  0.358594159648210     
          49          65  0.439868679676617     
          50          66  0.452732573196202     
          65          66  0.297734375637074     
          51          67  0.380730371526520     
          54          67  0.198604183749302     
          66          67  0.361081494532121     
          52          68  0.492773719499759     
          67          68  0.300860976242007     
          53          69  0.385734113873280     
          65          69  0.277485832637275     
          54          70  0.459367584898873     
          66          70  0.130803799171476     
          69          70  0.279141206756053     
          54          71  0.276593442015529     
          55          72  0.269251126003702     
          56          72  0.376831549416339     
          68          72  0.229496877597827     
          71          72  0.155860847013380     
          57          73  0.512148055804447     
          69          73  0.386669519833505     
          58          74  0.454286738567188     
          70          74  0.363759717628466     
          71          74  0.277908261899715     
          59          75  0.515156506950493     
          71          75  0.310171257379022     
          60          76  0.428147680950848     
          72          76  0.299569927935012     
          75          76  0.283885367885501     
          61          77  0.315000901799867     
          74          77  0.255620312548917     
          62          78  0.447141976931309     
          77          78  0.500075373250006     
          63          79  0.436513623061299     
          75          79  0.216814217069264     
          78          79  0.379597658112521     
          64          80  0.502098644767435     
          76          80  0.194271816174855     
          79          80  0.286356443398008     
          65          81  0.477496728504113     
          66          82  0.310727695453706     
          81          82  0.405168678106476     
          67          83  0.335278899586217     
          82          83  0.460372436375728     
          68          84  0.495433409015092     
          83          84  0.481040470558721     
          69          85  0.266994687131394     
          81          85  0.496763407275032     
          70          86  0.286324602978828     
          82          86  0.337661121848702     
          85          86  0.257607433279891     
          71          87  0.176497872498251     
          83          87  0.178430386585508     
          86          87  0.242200596036781     
          72          88  0.346152997150854     
          84          88  0.436921915184217     
          87          88  0.325584556751093     
          73          89  0.502943616493318     
          85          89  0.454387825997691     
          74          90  0.155269547654419     
          86          90  0.306378138008232     
          89          90  0.114745974636456     
          71          91  0.353006162838786     
          75          91  0.150181475366898     
          76          92  0.378217079441114     
          88          92  0.404864186213821     
          91          92  0.273027186803276     
          77          93  0.488915767546395     
          89          93  0.356982013914196     
          90          93  0.367402365516074     
          93          94  0.236879040505481     
          79          95  0.317350651526668     
          91          95  0.297406748183965     
          94          95  0.385031713050223     
          80          96  0.481621330418888     
          92          96  0.423421322166616     
          95          96  0.457521452579607     
          87          98  0.620861896056953     
          97          98   1.22942644312512     
          91          99  0.436101342256793     
          98          99  0.942610976482889     
          90         100  0.501991397512575     
          91         100  0.497406488691388     
          94         100  0.557082386054999     
          99         100  0.957617956728123     
          90         101  0.526116533308829     
          97         101   1.20637991367825     
          97         102  0.858954350756912     
          99         103  0.824103427708640     
         101         104  0.875244109316514     
